Objective value = 26.900037
x = [1.0, 1.0, 1.0, 1.0, 1.0, 1.0, 1.0, 1.0, 0, 1.0, 1.0, 1.0, 1.0, 1.0, 1.0, 1.0, 1.0, 1.0, 0, 0, 0, 0, 0, 0, 0]
z = 45.033320996790806
===============
Solver details:
status = integer optimal solution
gap = 0.0
problem_type = MIQCP
time = 0.15567588806152344
nb_nodes_processed = 3242
columns = 26
nb_iterations = 18543
nb_custom_constraints = 1
nb_custom_cuts = 1